SVCCEDAW '‘
555555550 5553555555 5555 5555 4
‘msestRp 66 6666666666 6666366-
666666 6666686666 666 66666 66668666) 55355
355550355 550, 66666661 666686 ,
6666668686] 666 ,86666686 6666666· 5555-
555 Rp 55555555 , ..5 5

866608 666666) ceW 555 Rutaceum
0866666)

Lam 5555

055555 055055553 5555

08836666666666666666 8666 5555 55 555
(36666366 666 5553& G5‘5'ae 5050
55555555555555555355 5555

- 8666666666) 666666666666 6666666

(5552 863 515555055505555555
1555505' 5555pe5i5 866 65 Ε686666. osa
- 6666666,66)6666686668666686666 66666866
5513‘555555 ,6866666 66 666666 8666666666
¹ 86868686. 055 555555055555 66866 868688-
Ru, 866808668686668 6366666666,6666ἶ’

88683666 6666668 6686886666 688686· 8886 688· ,

88666

 

