4 ,Ὗ DE 33 3333331

33111311131131313133 13 1111111133 mse-2,
3331133113 1133 111111 13 p obeag3t3
111111111111Ὗ3311111111111111111111
13113331133111111311 3311111113 3330
113331131111383113311111113111 31113131
(1313311131 1111131111 3330 3813111110,ἶ
’3111111113 310 31131313331111311331310
1131131110,11113 1111 3411331331 1333,
, ’3113311131133113131131111113113311311111
· 13111131111131111111111131331113133131
1111111 1113111311 1331113111 ‚ 83 d- 1111311131·
113131 3113331 1113331111 11113111
³ 31331113113313111113113111131 agitanda
113113, 1311 13131331133113111131313
ἶ 4 113113111313311331131133311331133,
133113131131113811133113111113111 Ὗ
(3131·(1131311111111111111311111113111111 4
⁶³1⁵ scamen 33 333'3 333 1113131444 3333 1113131131.
13313331131131113311 1131 3111311133 4
qnam 1113113 co 3113331133, 11143111 33
’ ι 111 31 1311111111111 111) 134 1333331111,
a> 33311311 (1113111 senten 133 Coni‘j 33
,Ὗ 111 3310111111 311311113111131313 3131113

1113311·

 

