SVCCEDAN‘EA

1³³³ 1119999199991199199,999999,1199 9449]
11110911 991999199999999999991) 9991999919·99.9.-9’

{³923} 919,9999999999999999990919 9991999991 099

Dffls semem 99999 9999999 999999199919991

9999191. 44044444) 19099199999990999919
919999 9999991999 999999, ,9991199999

.. 4494954 99 9999119999 99999991
19991919 9999199999 99999

99999999 9999 999 9991999 99999 444 9191991

94404994499 999, 44 44‚4rd<›c944 494 G4-

19 msQodfiflon 9999999999) 9199)

,, 1999919999, Ι(391 9999199 1999999999 {040

‚ f c4994944 44490494094 44944 ex A4³ 4944

i ἡ ἓ 9999999909· 99 4029999444 9999991999 999999

999 9999999 99 decerptas 91099999 991999
‘ 999119999999919 9919999919), 490044-

⁴ ,99909499445999499949444f409919,

* 9919909999 9991199999,919999919919991

1119999999 9199999 199119919199991319

19999 99991199 499944994444, 11191999

999991199999991199999999,999999 99999911· ,
199919 999999919999919999999199

’ Pro

 

