² 55550355

[9999999999αἶ99999999999999999999*

‘ 999 [9999999999 9999999, 99999999 99999
9999999999 ,99999 5st* 9999 999 99999
¹ 99999999 &555555555 99999 99
9999999999 55 55 555 9999999999. Qz 99
, 9999- 999999999 999 999999 999, 555 9999
fij· ,99999999 9999999999 ’9999 99999 9999

, , 999999999999999999 5555f555
r5m(v5555)55555555 [0555550

’ 9999999999999 [9999999999. Hin5 99

, 999999999999 99 5²) 9999999 999999999-
9999[999999999999[999 9999999 (99999 999 99 [[-
“ [9999 999 99999 9999999999 555 5555 55 l

³ 5555! 55! 99999 9999999999 9999 9999999

’999ἑῖ999 99999999999 999 [9999999999
d55 ,9999999 omosPers 99 99999999 99999
dmtffimul 99999999999[ 99 9999999 pa
9999999, 099999 Γ99999999999999 ,99999999 [99
’ 9999999999,99[ 999999999999999999,
9999999999 99999999999999999 9 d

 

